function c = whitegreen
% Costum colormap from white to (fern)green
% Written by Manuel Claeys Bouuaert, 2015
c = [	1		1		1
		0.984	0.992	0.984
		0.952	0.976	0.952
		0.920	0.960	0.920
		0.888	0.944	0.888
		0.857	0.928	0.857
		0.825	0.912	0.825
		0.793	0.896	0.793
		0.761	0.880	0.761
		0.730	0.864	0.730
		0.698	0.848	0.698
		0.666	0.832	0.666
		0.634	0.816	0.634
		0.603	0.800	0.603
		0.571	0.784	0.571
		0.539	0.768	0.539
		0.507	0.753	0.507
		0.476	0.737	0.476
		0.444	0.721	0.444
		0.412	0.705	0.412
		0.380	0.689	0.380
		0.349	0.673	0.349
		0.317	0.657	0.317
		0.285	0.641	0.285
		0.253	0.625	0.253
		0.222	0.609	0.222
		0.190	0.593	0.190
		0.158	0.577	0.158
		0.126	0.561	0.126
		0.095	0.545	0.095
		0.063	0.529	0.063
		0.031	0.513	0.031
		0		0.498	0];